9 32 0 48
14 52 1 20
29 32 0 48
34 52 1 20
49 32 0 48
54 52 1 20
69 32 1 48
86 52 1 20
101 32 1 48
118 52 1 20
133 32 1 48
150 52 1 20
165 32 1 48
182 52 1 20
197 32 0 48
202 52 1 20
217 32 1 48
234 52 1 20
249 32 1 48
266 52 1 20
281 32 0 48
286 52 1 20
301 32 0 48
306 52 1 20
321 32 0 48
326 52 1 20
341 32 0 48
346 52 1 20
361 32 0 48
366 52 1 20
381 32 1 48
398 52 1 20
413 32 1 48
430 52 1 20
445 32 1 48
462 52 1 20
477 32 1 48
494 52 1 20
509 32 1 48
526 52 1 20
541 32 1 48
558 52 1 20
573 32 1 48
590 52 1 20
605 32 1 48
622 52 0 20
624 60 1 12
641 32 0 48
646 52 1 20
661 32 0 48
666 52 1 20
681 32 1 48
698 52 1 20
713 32 0 48
718 52 1 20
733 32 1 48
750 52 1 20
765 32 1 48
782 52 1 20
797 32 0 48
802 52 1 20
817 32 1 48
834 52 1 20
849 32 1 48
866 52 1 20
881 32 0 48
886 52 1 20
901 32 0 48
906 52 1 20
921 32 0 48
926 52 1 20
941 32 0 48
946 52 1 20
961 32 0 48
966 52 1 20
981 32 1 48
998 52 1 20
1013 32 1 48
1030 52 1 20
1045 32 1 48
1062 52 1 20
1077 32 1 48
1094 52 1 20
1109 32 1 48
1126 52 1 20
1141 32 1 48
1158 52 1 20
1173 32 1 48
1190 52 1 20
1205 32 1 48
1222 52 0 20
1224 60 1 12
1241 32 0 48
1246 52 1 20
1261 32 1 48
1278 52 1 20
1293 32 0 48
1298 52 1 20
1313 32 1 48
1330 52 1 20
1345 32 1 48
1362 52 1 20
1377 32 0 48
1382 52 1 20
1397 32 1 48
1414 52 1 20
1429 32 1 48
1446 52 1 20
1461 32 0 48
1466 52 1 20
1481 32 0 48
1486 52 1 20
1501 32 0 48
1506 52 1 20
1521 32 0 48
1526 52 1 20
1541 32 0 48
1546 52 1 20
1561 32 1 48
1578 52 1 20
1593 32 1 48
1610 52 1 20
1625 32 1 48
1642 52 1 20
1657 32 1 48
1674 52 1 20
1689 32 1 48
1706 52 1 20
1721 32 1 48
1738 52 1 20
1753 32 1 48
1770 52 1 20
1785 32 1 48
1802 52 0 20
1804 60 1 12
1821 32 1 48
1838 52 1 20
1853 32 0 48
1858 52 1 20
1873 32 1 48
1890 52 1 20
1905 32 0 48
1910 52 1 20
1925 32 0 48
1930 52 1 20
1945 32 1 48
1962 52 1 20
1977 32 1 48
1994 52 1 20
2009 32 0 48
2014 52 1 20
2029 32 0 48
2034 52 1 20
2049 32 0 48
2054 52 1 20
2069 32 0 48
2074 52 1 20
2089 32 0 48
2094 52 1 20
2109 32 1 48
2126 52 1 20
2141 32 1 48
2158 52 1 20
2173 32 1 48
2190 52 1 20
2205 32 1 48
2222 52 1 20
2237 32 1 48
2254 52 1 20
2269 32 1 48
2286 52 1 20
2301 32 1 48
2318 52 1 20
2333 32 1 48
2350 52 0 20
2352 60 1 12
2369 32 0 48
2374 52 1 20
2389 32 1 48
2406 52 1 20
2421 32 0 48
2426 52 1 20
2441 32 0 48
2446 52 1 20
2461 32 1 48
2478 52 1 20
2493 32 1 48
2510 52 1 20
2525 32 0 48
2530 52 1 20
2545 32 0 48
2550 52 1 20
2565 32 0 48
2570 52 1 20
2585 32 0 48
2590 52 1 20
2605 32 0 48
2610 52 1 20
2625 32 1 48
2642 52 1 20
2657 32 1 48
2674 52 1 20
2689 32 1 48
2706 52 1 20
2721 32 1 48
2738 52 1 20
2753 32 1 48
2770 52 1 20
2785 32 1 48
2802 52 1 20
2817 32 1 48
2834 52 1 20
2849 32 1 48
2866 52 0 20
2868 60 1 12
2885 32 0 48
2890 52 1 20
2905 32 0 48
2910 52 1 20
2925 32 0 48
2930 52 1 20
2945 32 0 48
2950 52 1 20
2965 32 0 48
2970 52 1 20
2985 32 0 48
2990 52 1 20
3005 32 0 48
3010 52 1 20
3025 32 0 48
3030 52 1 20
3045 32 0 48
3050 52 1 20
3065 32 0 48
3070 52 1 20
3085 32 1 48
3102 52 1 20
3117 32 1 48
3134 52 1 20
3149 32 1 48
3166 52 1 20
3181 32 1 48
3198 52 1 20
3213 32 1 48
3230 52 1 20
3245 32 1 48
3262 52 1 20
3277 32 1 48
3294 52 1 20
3309 32 1 48
3326 52 0 20
3328 60 1 12
3345 32 0 48
3350 52 1 20
3365 32 0 48
3370 52 1 20
3385 32 0 48
3390 52 1 20
3405 32 0 48
3410 52 1 20
3425 32 0 48
3430 52 1 20
3445 32 0 48
3450 52 1 20
3465 32 0 48
3470 52 1 20
3485 32 0 48
3490 52 1 20
3505 32 0 48
3510 52 1 20
3525 32 1 48
3542 52 1 20
3557 32 1 48
3574 52 1 20
3589 32 1 48
3606 52 1 20
3621 32 1 48
3638 52 1 20
3653 32 1 48
3670 52 1 20
3685 32 1 48
3702 52 1 20
3717 32 1 48
3734 52 1 20
3749 32 1 48
3766 52 0 20
3768 60 1 12
3785 32 0 48
3790 52 1 20
3805 32 0 48
3810 52 1 20
3825 32 0 48
3830 52 1 20
3845 32 0 48
3850 52 1 20
3865 32 0 48
3870 52 1 20
3885 32 0 48
3890 52 1 20
3905 32 0 48
3910 52 1 20
3925 32 0 48
3930 52 1 20
3945 32 0 48
3950 52 1 20
3965 32 1 48
3982 52 1 20
3997 32 1 48
4014 52 1 20
4029 32 1 48
4046 52 1 20
4061 32 1 48
4078 52 1 20
4093 32 1 48
4110 52 1 20
4125 32 1 48
4142 52 1 20
4157 32 1 48
4174 52 0 20
4176 60 1 12
4193 32 0 48
4198 52 1 20
4213 32 0 48
4218 52 1 20
4233 32 0 48
4238 52 1 20
4253 32 0 48
4258 52 1 20
4273 32 0 48
4278 52 1 20
4293 32 0 48
4298 52 1 20
4313 32 0 48
4318 52 1 20
4333 32 0 48
4338 52 1 20
4353 32 0 48
4358 52 1 20
4373 32 0 48
4378 52 1 20
4393 32 1 48
4410 52 1 20
4425 32 1 48
4442 52 1 20
4457 32 1 48
4474 52 1 20
4489 32 1 48
4506 52 1 20
4521 32 1 48
4538 52 0 20
4540 60 1 12
4557 32 0 48
4562 52 1 20
4577 32 0 48
4582 52 1 20
4597 32 0 48
4602 52 1 20
4617 32 0 48
4622 52 1 20
4637 32 0 48
4642 52 1 20
4657 32 0 48
4662 52 1 20
4677 32 0 48
4682 52 1 20
4697 32 0 48
4702 52 1 20
4717 32 0 48
4722 52 1 20
4737 32 1 48
4754 52 1 20
4769 32 1 48
4786 52 1 20
4801 32 1 48
4818 52 1 20
4833 32 1 48
4850 52 1 20
4865 32 1 48
4882 52 0 20
4884 60 1 12
4901 32 0 48
4906 52 1 20
4921 32 0 48
4926 52 1 20
4941 32 0 48
4946 52 1 20
4961 32 0 48
4966 52 1 20
4981 32 0 48
4986 52 1 20
5001 32 0 48
5006 52 1 20
5021 32 0 48
5026 52 1 20
5041 32 0 48
5046 52 1 20
5061 32 1 48
5078 52 1 20
5093 32 1 48
5110 52 1 20
5125 32 1 48
5142 52 1 20
5157 32 1 48
5174 52 1 20
5189 32 1 48
5206 52 0 20
5208 60 1 12
5225 32 0 48
5230 52 1 20
5245 32 0 48
5250 52 1 20
5265 32 0 48
5270 52 1 20
5285 32 0 48
5290 52 1 20
5305 32 0 48
5310 52 1 20
5325 32 0 48
5330 52 1 20
5345 32 0 48
5350 52 1 20
5365 32 0 48
5370 52 1 20
5385 32 0 48
5390 52 1 20
5405 32 0 48
5410 52 1 20
5425 32 1 48
5442 52 1 20
5457 32 0 48
5462 52 0 20
5464 60 1 12
5481 32 0 48
5486 52 1 20
5501 32 0 48
5506 52 1 20
5521 32 0 48
5526 52 1 20
5541 32 0 48
5546 52 1 20
5561 32 0 48
5566 52 1 20
5581 32 0 48
5586 52 1 20
5601 32 0 48
5606 52 1 20
5621 32 0 48
5626 52 1 20
5641 32 0 48
5646 52 1 20
5661 32 0 48
5666 52 1 20
5681 32 0 48
5686 52 0 20
5688 60 1 12
5705 32 0 48
5710 52 1 20
5725 32 0 48
5730 52 1 20
5745 32 0 48
5750 52 1 20
5765 32 0 48
5770 52 1 20
5785 32 0 48
5790 52 1 20
5805 32 0 48
5810 52 1 20
5825 32 0 48
5830 52 1 20
5845 32 0 48
5850 52 1 20
5865 32 0 48
5870 52 1 20
5885 32 0 48
5890 52 0 20
5892 60 1 12
5909 32 0 48
5914 52 1 20
5929 32 0 48
5934 52 1 20
5949 32 0 48
5954 52 1 20
5969 32 0 48
5974 52 1 20
5989 32 0 48
5994 52 1 20
6009 32 0 48
6014 52 1 20
6029 32 0 48
6034 52 1 20
6049 32 0 48
6054 52 1 20
6069 32 0 48
6074 52 0 20
6076 60 1 12
6093 32 0 48
6098 52 1 20
6113 32 0 48
6118 52 1 20
6133 32 0 48
6138 52 1 20
6153 32 0 48
6158 52 1 20
6173 32 0 48
6178 52 1 20
6193 32 0 48
6198 52 1 20
6213 32 0 48
6218 52 1 20
6233 32 0 48
6238 52 0 20
6240 60 1 12
6257 32 0 48
6262 52 1 20
6277 32 0 48
6282 52 1 20
6297 32 0 48
6302 52 1 20
6317 32 0 48
6322 52 1 20
6337 32 0 48
6342 52 1 20
6357 32 0 48
6362 52 1 20
6377 32 0 48
6382 52 0 20
6384 60 1 12
6401 32 0 48
6406 52 1 20
6421 32 0 48
6426 52 1 20
6441 32 0 48
6446 52 1 20
6461 32 0 48
6466 52 1 20
6481 32 0 48
6486 52 1 20
6501 32 0 48
6506 52 0 20
6508 60 1 12
6525 32 0 48
6530 52 1 20
6545 32 0 48
6550 52 1 20
6565 32 0 48
6570 52 1 20
6585 32 0 48
6590 52 1 20
6605 32 0 48
6610 52 0 20
6612 60 1 12
6629 32 0 48
6634 52 1 20
6649 32 0 48
6654 52 1 20
6669 32 0 48
6674 52 1 20
6689 32 0 48
6694 52 0 20
6696 60 1 12
6713 32 0 48
6718 52 1 20
6733 32 0 48
6738 52 1 20
6753 32 0 48
6758 52 0 20
6760 60 1 12
6777 32 0 48
6782 52 1 20
6797 32 0 48
6802 52 0 20
6804 60 1 12
6821 32 0 48
6826 52 0 20
6828 60 0 12
-1 -1 -1 -1
-2 -2 -2 -2
