-38.00 -34.00 -36.00 -37.00 -34.00 -28.00 -34.00 -32.00 -50.00 -36.00
0.00 0.00 0.00 0.00 0.00 0.00 0.00 0.00 0.00 0.00
0.00 0.00 0.00 0.00 0.00 0.00 0.00 0.00 0.00 0.00
0.00 -1.00 0.00 -1.00 0.00 -1.00 0.00 1.00 -1.00 0.00
0.00 -0.77 -1.00 -2.77 0.00 -1.77 0.00 2.77 -0.77 -1.00
-0.69 -1.00 -2.00 -1.00 1.00 -2.00 -0.69 4.77 -2.46 -2.00
-2.31 -1.37 -2.39 0.45 -1.05 -4.93 -1.14 0.69 2.40 -3.30
-2.48 -4.62 -1.40 -1.71 -6.16 -10.31 -6.54 -1.66 1.88 -4.55
-9.91 -9.01 -8.73 -9.37 -13.93 -12.00 -8.08 -11.43 -2.38 0.55
-11.85 -10.16 -10.30 -10.51 -15.07 -10.22 -7.15 -18.24 -5.93 -2.30
-10.98 -2.61 -5.71 -9.55 -10.69 -7.43 -8.76 -9.85 -9.63 -0.45
-11.01 -6.16 -8.21 -7.31 -7.53 -6.16 -7.93 -9.91 -9.16 -6.78
-2.91 -2.99 -5.01 -7.46 -3.17 0.07 -5.38 -4.15 -9.15 -6.84
-1.69 3.00 -3.77 -6.31 -1.08 4.00 -1.08 -2.00 -5.85 -3.00
0.00 0.00 0.00 0.00 0.00 0.00 0.00 0.00 0.00 0.00
0.00 0.00 0.00 0.00 0.00 0.00 0.00 0.00 0.00 0.00
0.00 0.00 0.01 -0.01 -0.00 0.00 0.00 0.01 -0.01 0.00
-0.01 -1.00 -0.13 -2.13 -1.86 -2.54 -0.99 4.49 -2.67 -1.57
-4.48 -3.42 -4.10 -5.86 -5.71 -1.67 -3.72 2.74 -2.56 -7.92
-9.38 -9.08 -7.14 -5.78 -6.33 -9.32 -13.40 -0.45 -9.62 -12.69
-14.48 -19.19 -9.94 -8.92 -12.61 -12.14 -18.25 -2.58 -13.34 -14.69
-16.91 -22.75 -13.24 -13.21 -18.46 -16.61 -22.30 -8.61 -16.58 -14.30
-18.75 -27.14 -19.50 -19.70 -31.34 -25.75 -26.36 -12.92 -20.49 -10.34
-22.05 -27.17 -24.19 -23.98 -36.22 -25.39 -25.12 -17.20 -17.99 -11.25
-21.92 -26.67 -26.04 -20.80 -31.49 -26.86 -25.29 -16.67 -19.47 -16.60
-20.73 -20.93 -20.33 -21.54 -13.92 -19.05 -21.78 -12.49 -23.28 -21.54
-20.52 -15.47 -19.32 -16.03 -11.26 -8.97 -19.12 -9.40 -25.07 -18.12
-5.21 -2.63 -7.12 -2.96 -4.24 3.43 -9.02 -6.71 -12.61 -8.30
-2.99 -1.92 -1.68 -1.40 -1.94 2.34 -2.78 -2.08 -3.68 -1.77
0.00 0.00 0.00 1.00 0.00 -1.00 0.00 0.00 0.00 -1.00
0.00 0.00 0.35 2.00 -1.00 -1.00 -1.00 -1.69 0.35 -1.01
-1.08 -3.30 -0.82 -2.59 -5.40 -3.38 -2.99 0.18 2.76 -2.81
-8.31 -7.89 -7.97 -7.14 -8.22 -6.24 -7.74 2.40 -8.21 -12.08
-16.52 -20.59 -10.31 -13.05 -14.14 -14.52 -19.03 -7.87 -13.34 -11.88
-11.46 -19.46 -10.51 -14.27 -14.23 -12.18 -16.68 -10.50 -13.48 -10.49
-9.74 -18.74 -18.63 -15.86 -18.09 -17.34 -15.18 -6.80 -12.14 -14.38
-15.01 -14.40 -12.61 -14.02 -23.43 -14.17 -14.93 -12.99 -15.24 -14.19
-10.98 -6.28 -10.11 -10.99 -22.97 -17.17 -18.44 -11.61 -19.75 -20.04
-15.32 -20.21 -21.57 -19.87 -20.06 -24.60 -25.70 -19.53 -11.85 -21.92
-23.14 -24.86 -26.89 -23.16 -18.48 -24.67 -29.31 -19.76 -21.37 -22.04
-21.97 -17.14 -19.81 -9.87 -14.34 -15.51 -21.66 -14.04 -16.53 -14.87
-8.80 -6.93 -12.85 3.72 -6.46 -3.57 -8.93 -9.54 -4.72 -6.54
-1.00 -3.40 -2.54 -0.59 -1.00 1.52 -3.15 -2.00 -2.16 -2.25
0.00 0.00 2.00 0.00 0.00 0.00 0.00 0.00 -2.00 0.00
-0.12 0.00 0.85 0.21 -0.30 -0.51 -0.02 -1.15 0.43 -0.36
-5.74 -4.01 -3.52 -7.28 -7.21 -0.99 -4.67 -1.33 -0.89 -3.96
-12.34 -15.13 -9.10 -17.17 -12.48 -9.26 -14.46 -7.84 -10.49 -8.47
-10.13 -18.40 -7.09 -18.53 -13.19 -13.99 -14.35 -11.66 -12.97 -7.43
-4.35 -17.20 -12.12 -14.59 -8.72 -7.14 -13.70 -8.25 -6.76 -12.62
-6.05 -14.58 -10.14 -18.39 -11.43 -4.22 -9.12 -12.47 -7.95 -13.94
-2.39 -6.80 -4.97 -12.41 -14.37 -3.01 -10.18 -9.67 -17.50 -8.90
-9.29 -4.14 -15.85 -14.43 -18.36 -10.97 -17.61 -8.87 -17.76 -15.56
-16.63 -19.58 -27.51 -23.61 -20.48 -20.95 -31.73 -16.76 -22.33 -19.25
-14.76 -20.96 -14.88 -12.18 -21.78 -22.64 -26.15 -16.32 -15.65 -20.89
-11.74 -15.38 -10.46 -6.19 -10.48 -11.46 -17.56 -15.33 -1.32 -5.77
-2.88 -9.87 -9.41 1.09 -6.95 -3.89 -8.56 -8.37 -4.42 -8.99
-2.16 -3.21 0.10 0.29 -3.16 -2.17 -4.93 -2.44 -0.73 -4.88
0.00 0.00 0.00 0.00 0.00 0.00 0.00 0.00 0.00 0.00
0.04 0.00 -0.16 -0.02 0.00 1.02 -0.06 -2.00 0.16 -0.02
-7.22 -5.28 -11.09 -6.98 -6.93 -2.34 -6.45 -5.86 -1.31 -3.93
-10.81 -18.15 -12.91 -19.04 -16.43 -10.10 -16.08 -11.52 -15.47 0.33
-8.10 -15.81 -14.89 -19.74 -7.65 -10.37 -17.02 -8.15 -10.04 -11.03
-8.75 -12.18 -5.99 -16.64 -10.40 -4.79 -11.90 -15.39 -12.33 -6.70
-7.71 -16.04 -11.85 -19.74 -16.99 -3.07 -10.69 -20.09 -12.00 -8.88
-13.28 -13.01 -8.46 -11.47 -17.62 -10.71 -11.27 -19.64 -11.93 -5.73
-15.05 -10.14 -20.74 -18.42 -15.60 -29.18 -21.78 -17.65 -23.02 -8.32
-16.26 -23.11 -21.02 -15.31 -16.42 -32.20 -28.03 -20.09 -19.73 -20.89
-7.32 -14.14 -10.88 -12.67 -15.62 -19.11 -18.85 -10.07 -13.84 -7.18
-2.26 -8.58 -7.79 -4.64 -5.52 -17.68 -12.86 -9.42 0.10 -3.47
2.87 -3.00 0.13 0.34 -2.92 -7.74 -5.24 -3.69 -1.92 -2.78
1.54 -0.46 0.31 -0.31 -0.46 -1.46 -1.46 -0.46 -0.46 -0.46
0.00 0.00 0.00 0.00 0.00 0.00 0.00 0.00 0.00 0.00
2.01 -1.00 -3.00 -1.98 -0.17 -0.02 -2.00 -3.19 0.70 -2.32
-4.06 -6.73 -12.48 -9.34 -4.79 -5.45 -3.25 -6.68 -3.79 -5.99
-8.99 -14.36 -18.09 -21.25 -3.90 -4.50 -10.44 -18.20 -9.33 -0.89
-12.91 -14.41 -25.46 -18.69 -4.62 -6.66 -14.03 -20.08 -13.16 -10.69
-11.00 -14.43 -19.27 -16.56 -7.05 -8.22 -11.62 -19.42 -14.32 -14.93
-11.80 -11.88 -19.91 -14.18 -15.17 -7.83 -17.03 -22.54 -13.45 -6.08
-23.67 -16.08 -24.09 -17.56 -21.10 -16.88 -25.93 -23.79 -17.43 -13.82
-27.41 -22.16 -24.98 -13.65 -17.72 -27.31 -27.13 -19.34 -27.78 -19.20
-15.98 -14.78 -11.78 -10.00 -16.18 -18.86 -21.12 -16.00 -21.89 -7.06
-8.94 -9.65 -9.05 -3.51 -8.02 -15.71 -15.85 -7.99 -7.56 -3.02
1.76 -5.13 -2.23 -4.35 -4.93 -9.41 -8.90 -4.77 -3.61 -3.90
3.85 -2.00 -1.45 -0.11 -1.92 -7.75 -4.23 -3.86 -0.96 -2.00
1.61 -0.38 -0.38 -0.38 -0.38 -0.61 -1.38 -0.38 -0.38 -0.38
1.23 0.00 -1.00 0.00 1.00 -1.00 -0.23 -1.00 0.00 -1.00
0.20 -1.00 -3.78 -4.91 2.61 -0.26 -4.04 -5.14 -4.91 -0.12
-1.23 -3.09 -11.51 -10.51 -0.02 -3.42 0.32 -10.15 -7.07 -5.90
-9.11 -13.35 -15.00 -5.95 -1.14 -6.07 -2.51 -15.09 -9.49 -9.46
-10.45 -17.45 -24.14 -15.92 -8.58 -5.15 -15.81 -21.55 -20.69 -13.23
-14.45 -16.40 -25.22 -16.19 -14.54 -12.19 -17.17 -28.62 -9.96 -18.04
-27.25 -20.04 -19.93 -15.51 -17.99 -17.67 -27.06 -24.08 -18.95 -18.72
-27.12 -20.77 -26.45 -17.89 -20.59 -21.55 -27.87 -22.95 -22.33 -23.96
-23.90 -16.05 -27.23 -17.56 -16.73 -22.27 -25.11 -23.65 -16.85 -18.70
-11.77 -13.43 -9.84 -10.45 -8.00 -8.93 -14.66 -7.11 -21.23 -2.47
-5.09 -6.14 -6.87 -7.92 -4.86 -1.22 -7.30 -3.09 -11.79 -9.45
1.46 -5.84 -2.78 -4.03 -2.93 -10.34 -4.35 -5.17 -4.95 -7.89
3.98 -2.91 -4.70 1.07 -3.46 -9.52 -2.85 -4.74 -2.28 -2.92
1.55 -1.00 -1.00 -0.55 -1.00 -1.15 -2.00 -1.00 -1.15 -1.00
2.00 0.00 -1.00 0.00 2.00 -1.00 -1.00 -1.00 0.00 -2.00
3.19 -1.00 -3.11 -3.94 1.80 -5.36 -1.76 -3.01 -4.83 -2.00
1.22 -2.89 -1.06 -6.96 -1.11 -5.66 1.28 -2.12 -9.42 -5.21
-3.29 -10.35 -9.56 -9.36 -4.01 -8.47 -5.57 -8.84 -19.81 -9.81
-11.49 -19.68 -16.90 -14.48 -7.79 -9.90 -9.06 -16.66 -12.15 -16.22
-17.36 -17.03 -16.87 -10.10 -16.66 -16.15 -14.55 -20.85 -13.79 -14.52
-27.84 -18.08 -21.10 -18.27 -17.65 -17.44 -28.68 -20.77 -13.94 -21.27
-22.22 -15.75 -18.92 -19.09 -16.59 -20.42 -20.09 -20.26 -14.03 -18.99
-20.25 -15.85 -19.57 -17.86 -12.53 -13.88 -17.73 -20.88 -11.51 -10.05
-13.50 -12.85 -12.43 -11.07 -3.89 -7.43 -7.26 -9.14 -15.23 -10.04
-8.95 -8.19 -9.73 -5.39 -5.67 -5.78 -4.94 -7.28 -10.56 -11.89
1.08 -5.62 -7.21 -4.39 -3.86 -5.93 -4.07 -4.73 -7.94 -10.88
0.15 -2.00 -7.06 3.76 -1.57 -6.36 -0.93 -3.93 -3.00 -2.39
-0.52 -1.00 -1.48 2.00 -1.00 -2.00 -2.00 -1.48 -2.00 -1.00
2.00 -1.00 -1.69 -0.79 0.00 1.48 -2.00 -1.00 0.00 0.00
1.10 -4.43 2.95 -3.75 -4.05 -9.07 -2.75 -3.60 -4.39 -3.94
2.34 -3.90 -3.19 -6.95 -3.61 -12.14 -0.76 -3.55 -7.26 -2.01
-0.40 -8.99 -8.55 -14.33 -4.44 -21.39 2.05 -6.17 -3.62 -9.17
-8.22 -7.52 -9.57 -17.35 -7.40 -18.69 -3.19 -11.23 -1.09 -13.18
-12.87 -9.42 -15.08 -16.22 -12.93 -22.57 -16.87 -12.96 -8.89 -16.38
-19.99 -12.30 -11.74 -24.90 -11.32 -19.95 -15.86 -15.01 -7.87 -23.06
-24.24 -16.20 -7.54 -19.03 -9.94 -16.20 -12.37 -17.79 -12.79 -18.10
-22.43 -16.26 -8.64 -16.23 -16.85 -20.63 -9.28 -16.78 -13.21 -12.94
-13.03 -13.11 -6.27 -10.04 -10.61 -12.07 -14.20 -9.46 -8.73 -16.47
-8.80 -12.05 -11.12 -7.72 -9.33 -8.13 -2.83 -6.68 -13.66 -9.38
-2.95 -3.35 -10.18 0.20 -4.55 -6.08 -1.53 -3.71 -7.19 -7.99
-4.49 -2.00 -2.53 3.67 -2.54 -4.34 0.24 -2.00 -4.61 -3.98
1.01 -1.99 2.98 -1.00 -2.98 -1.99 -3.98 -2.00 -3.99 -1.99
-0.69 -1.69 0.88 -1.38 -1.50 -1.36 -1.27 -2.08 -2.75 -1.69
-0.70 -8.79 -4.68 -3.86 -9.11 -2.20 -6.10 -5.01 -9.19 -7.79
-2.91 -11.04 1.41 -16.27 -7.51 -12.87 -9.61 -6.87 -3.60 -11.37
-5.75 -9.22 -3.20 -19.92 -8.88 -17.74 -2.95 -10.89 -2.63 -13.90
-12.76 -4.63 -4.14 -18.57 -11.13 -18.35 -7.21 -11.59 -4.29 -16.31
-15.59 -11.83 -6.69 -21.45 -12.00 -17.46 -16.28 -10.96 -10.32 -16.23
-19.29 -12.47 -7.36 -21.41 -11.70 -12.31 -7.14 -12.14 -18.31 -11.42
-19.26 -14.97 -8.48 -19.79 -12.17 -14.09 -10.48 -14.86 -16.86 -16.35
-10.51 -14.82 -7.88 -12.44 -11.41 -11.53 -12.55 -14.22 -14.06 -12.63
-9.80 -14.98 -7.07 -5.39 -10.05 -12.16 -10.70 -9.62 -13.90 -16.55
-7.49 -10.22 -7.87 -2.68 -12.76 -7.64 -4.86 -9.21 -17.35 -10.71
0.35 -1.93 0.56 -2.83 -6.43 0.21 -3.18 -3.20 -5.02 -4.93
-1.55 -1.00 -0.47 2.85 -2.54 -3.04 0.95 -2.38 -4.81 -3.00
0.00 0.00 -0.62 0.00 0.00 -1.38 2.00 0.00 0.00 0.00
-5.54 -3.21 -0.64 1.02 -2.69 2.94 -2.67 -1.75 -4.04 -3.09
-12.41 -10.94 -8.68 -2.47 -10.78 -4.74 -6.72 -9.64 -8.04 -13.29
-12.27 -16.91 -7.01 -17.42 -12.14 -8.86 -12.96 -13.22 -6.96 -17.22
-7.45 -12.60 -9.94 -18.18 -16.27 -8.81 -10.30 -10.36 -11.74 -16.92
-12.10 -11.70 -8.53 -18.03 -21.13 -6.69 -10.51 -16.50 -16.16 -13.26
-20.60 -6.75 -9.42 -18.08 -15.39 -8.41 -8.54 -12.95 -18.03 -10.59
-20.33 -10.19 -11.93 -18.45 -16.45 -17.31 -5.31 -12.01 -10.16 -15.50
-14.55 -16.68 -11.29 -13.53 -12.96 -20.29 -13.19 -14.38 -19.13 -17.88
-5.40 -11.63 -9.40 -6.37 -8.93 -11.91 -14.36 -7.84 -9.82 -15.74
-8.49 -15.53 -8.15 -7.88 -8.97 -6.77 -8.77 -8.99 -11.23 -18.26
-8.12 -7.45 -6.66 -5.32 -10.00 -6.27 -6.72 -8.99 -7.50 -9.01
-4.40 -2.28 -1.35 -4.21 -7.40 0.56 -1.69 -5.00 -2.01 -4.64
1.40 -1.00 3.38 -1.47 -3.60 -3.50 -0.61 -2.03 -3.51 -3.00
0.00 0.00 1.77 -0.77 -2.00 -1.00 2.00 0.00 -1.00 0.00
-1.69 -2.94 -2.71 -2.63 -2.00 -0.42 -2.69 -3.94 1.13 -3.88
-9.64 -7.19 -6.93 -10.38 -9.59 -3.21 -10.54 -12.55 -7.55 -13.81
-15.62 -13.85 -5.43 -9.83 -15.32 -13.43 -10.48 -15.98 -18.20 -20.07
-16.82 -16.07 -13.20 -15.79 -20.76 -17.16 -10.36 -18.00 -16.37 -18.24
-20.61 -15.34 -18.16 -14.83 -20.81 -19.29 -13.17 -19.50 -21.01 -15.87
-18.29 -10.61 -16.32 -13.32 -17.65 -16.58 -15.73 -16.44 -23.53 -19.28
-16.43 -15.60 -17.68 -21.32 -23.11 -14.97 -15.61 -20.80 -14.30 -20.88
-14.87 -15.21 -13.03 -15.20 -11.93 -15.07 -11.21 -16.19 -16.93 -19.84
-13.10 -12.72 -7.41 -11.99 -11.51 -2.91 -11.26 -11.25 -10.42 -21.56
-14.71 -9.57 -3.95 -6.15 -10.86 -4.10 -6.83 -10.63 -10.04 -19.74
-5.97 -5.24 4.96 -6.74 -7.19 -1.34 -5.63 -8.74 -8.44 -7.58
-5.25 -4.00 8.30 -3.66 -4.98 -3.99 -6.29 -7.01 -5.05 -5.18
-1.25 -0.09 3.98 -1.09 -0.10 -3.09 -2.09 -0.35 -2.55 -2.09
-1.00 0.00 1.00 -1.00 0.00 0.00 -1.00 0.00 -1.00 0.00
-1.48 -2.00 0.00 -2.31 -1.15 0.63 -2.00 -1.31 0.00 -2.00
-6.61 -3.11 -2.95 -9.65 -6.30 -5.42 -7.43 -9.16 -4.27 -11.62
-14.38 -12.17 -6.10 -11.05 -14.04 -5.91 -10.92 -16.09 -14.94 -16.02
-15.73 -20.15 -22.39 -13.77 -20.83 -18.08 -16.88 -22.43 -12.25 -28.98
-17.22 -15.12 -24.25 -9.88 -21.32 -21.42 -16.76 -20.81 -13.09 -29.71
-17.48 -19.12 -27.80 -14.44 -22.04 -22.17 -14.22 -23.45 -8.66 -29.66
-17.72 -15.79 -25.19 -10.99 -19.58 -15.59 -8.37 -20.89 -15.39 -23.24
-8.77 -14.73 -19.47 -11.95 -9.57 -14.03 -8.81 -15.82 -6.88 -20.86
-5.82 -9.66 -5.86 -7.75 -10.81 -9.75 -7.84 -14.29 -2.35 -16.24
-3.76 -4.03 1.15 -6.00 -6.39 -4.08 -1.93 -7.68 -2.48 -8.07
-6.70 -2.09 10.39 -3.57 -3.59 -3.65 -5.31 -5.14 -3.36 -4.20
-3.29 -2.00 11.44 -1.99 -0.84 -3.99 -5.33 -3.00 -4.98 -4.00
-0.96 -1.00 5.07 -0.69 -0.02 -2.41 -3.10 -0.02 -2.52 -0.86
-1.00 0.00 1.00 -1.00 0.00 0.00 -1.00 0.00 -1.00 0.00
0.00 0.00 0.00 0.00 0.00 0.00 0.00 0.00 0.00 0.00
-1.08 2.08 1.77 0.07 -0.62 -1.46 0.00 0.85 -7.01 -3.00
-9.30 -6.61 -6.09 -1.45 -8.08 -7.23 -5.62 -8.08 -15.15 -4.47
-7.16 -8.54 -12.83 -0.24 -7.38 -13.14 -8.26 -9.24 -9.93 -9.68
0.92 -6.53 -11.30 -10.77 -6.77 -5.29 0.07 -14.15 -3.55 -5.69
-5.62 -5.92 -8.45 -2.76 -7.15 -11.24 -7.16 -5.47 -4.90 -15.92
-6.00 -6.53 -11.86 -5.24 -11.55 -8.46 -5.78 -4.86 -7.38 -6.60
-6.31 -4.31 -6.16 -7.40 -3.08 -4.59 1.22 -8.93 -3.21 -6.21
-3.62 -0.62 0.41 -0.64 -2.62 -2.10 -0.19 -6.62 5.60 -3.62
-3.62 0.00 1.63 -2.77 -0.15 -3.92 -2.00 -0.46 3.76 -2.00
-1.24 0.00 0.24 -0.62 1.00 -1.00 -1.00 1.00 0.00 -1.00
0.00 0.00 0.23 1.00 0.00 -1.00 0.00 0.54 -0.77 -1.00
0.00 0.00 0.96 0.00 0.00 0.00 0.00 0.00 -0.96 0.00
0.00 0.00 0.00 0.00 0.00 0.00 0.00 0.00 0.00 0.00
